[banner.jpg]
filters=finetune2=1,0.415205,0.064561,0.188070,00000000,0.017544;finetune2=1,0.228070,0.036491,0.000000,00000000,0.000000;
moddate=8710ce6c6a1ace01
width=946
height=262
textactive=0
